37 54
106 65
111 101
153 23
288 64
292 24
333 43
491 104
491 15
778 59
1101 77
1322 42
1323 93
1478 6
1538 95
1538 33
1726 31
1840 85
1842 63
1869 34
1942 17
2082 97
2190 62
2316 60
2382 25
2391 20
2439 91
2623 81
2648 69
2662 52
2757 53
2859 55
2929 98
2995 16
3035 61
3281 12
3548 79
3805 71
3811 41
3902 22
3931 88
4084 82
4370 74
4393 78
4464 9
4604 21
4626 92
4664 45
4771 32
4827 18
4966 86
5006 76
5141 46
5350 75
5436 19
5447 30
5537 94
5547 50
5667 36
5705 10
5724 5
5890 72
6118 96
6299 37
6308 89
6334 2
6500 3
6541 99
6729 73
6827 13
6868 49
6944 90
6962 8
7035 38
7376 87
7421 26
7446 70
7529 58
7644 51
7673 44
7711 47
8145 11
8253 48
8467 1
8703 40
8716 27
8723 56
8756 84
8942 67
9040 66
9169 4
9264 68
9358 7
9629 80
9718 28
9741 57
9894 39
9895 29
9912 35
9954 83
9961 14
333333 0
999999 103
2147483647 101
